,Survived,Pclass,Sex,Age,SibSp,Parch,Fare,Embarked,Family_Size,Is_Alone,Has_Cabin,Name_Title
0,0,3,male,22,1,0,7.25,S,2,0,0,Mr
1,1,1,female,38,1,0,71.2833,C,2,0,1,Mrs
2,1,3,female,26,0,0,7.925,S,1,1,0,Miss
3,1,1,female,35,1,0,53.1,S,2,0,1,Mrs
4,0,3,male,35,0,0,8.05,S,1,1,0,Mr
5,0,3,male,41,0,0,8.4583,Q,1,1,0,Mr
6,0,1,male,54,0,0,51.8625,S,1,1,1,Mr
7,0,3,male,2,3,1,21.075,S,5,0,0,Master
8,1,3,female,27,0,2,11.1333,S,3,0,0,Mrs
9,1,2,female,14,1,0,30.0708,C,2,0,0,Mrs
10,1,3,female,4,1,1,16.7,S,3,0,1,Miss
11,1,1,female,58,0,0,26.55,S,1,1,1,Miss
12,0,3,male,20,0,0,8.05,S,1,1,0,Mr
13,0,3,male,39,1,5,31.275,S,7,0,0,Mr
14,0,3,female,14,0,0,7.8542,S,1,1,0,Miss
15,1,2,female,55,0,0,16.0,S,1,1,0,Mrs
16,0,3,male,2,4,1,29.125,Q,6,0,0,Master
17,1,2,male,34,0,0,13.0,S,1,1,0,Mr
18,0,3,female,31,1,0,18.0,S,2,0,0,Mrs
19,1,3,female,32,0,0,7.225,C,1,1,0,Mrs
20,0,2,male,35,0,0,26.0,S,1,1,0,Mr
21,1,2,male,34,0,0,13.0,S,1,1,1,Mr
22,1,3,female,15,0,0,8.0292,Q,1,1,0,Miss
23,1,1,male,28,0,0,35.5,S,1,1,1,Mr
24,0,3,female,8,3,1,21.075,S,5,0,0,Miss
25,1,3,female,38,1,5,31.3875,S,7,0,0,Mrs
26,0,3,male,23,0,0,7.225,C,1,1,0,Mr
27,0,1,male,19,3,2,263.0,S,6,0,1,Mr
28,1,3,female,41,0,0,7.8792,Q,1,1,0,Miss
29,0,3,male,34,0,0,7.8958,S,1,1,0,Mr
30,0,1,male,40,0,0,27.7208,C,1,1,0,Rare
31,1,1,female,44,1,0,146.5208,C,2,0,1,Mrs
32,1,3,female,48,0,0,7.75,Q,1,1,0,Miss
33,0,2,male,66,0,0,10.5,S,1,1,0,Mr
34,0,1,male,28,1,0,82.1708,C,2,0,0,Mr
35,0,1,male,42,1,0,52.0,S,2,0,0,Mr
36,1,3,male,48,0,0,7.2292,C,1,1,0,Mr
37,0,3,male,21,0,0,8.05,S,1,1,0,Mr
38,0,3,female,18,2,0,18.0,S,3,0,0,Miss
39,1,3,female,14,1,0,11.2417,C,2,0,0,Miss
40,0,3,female,40,1,0,9.475,S,2,0,0,Mrs
41,0,2,female,27,1,0,21.0,S,2,0,0,Mrs
42,0,3,male,27,0,0,7.8958,C,1,1,0,Mr
43,1,2,female,3,1,2,41.5792,C,4,0,0,Miss
44,1,3,female,19,0,0,7.8792,Q,1,1,0,Miss
45,0,3,male,20,0,0,8.05,S,1,1,0,Mr
46,0,3,male,38,1,0,15.5,Q,2,0,0,Mr
47,1,3,female,18,0,0,7.75,Q,1,1,0,Miss
48,0,3,male,27,2,0,21.6792,C,3,0,0,Mr
49,0,3,female,18,1,0,17.8,S,2,0,0,Mrs
50,0,3,male,7,4,1,39.6875,S,6,0,0,Master
51,0,3,male,21,0,0,7.8,S,1,1,0,Mr
52,1,1,female,49,1,0,76.7292,C,2,0,1,Mrs
53,1,2,female,29,1,0,26.0,S,2,0,0,Mrs
54,0,1,male,65,0,1,61.9792,C,2,0,1,Mr
55,1,1,male,14,0,0,35.5,S,1,1,1,Mr
56,1,2,female,21,0,0,10.5,S,1,1,0,Miss
57,0,3,male,28,0,0,7.2292,C,1,1,0,Mr
58,1,2,female,5,1,2,27.75,S,4,0,0,Miss
59,0,3,male,11,5,2,46.9,S,8,0,0,Master
60,0,3,male,22,0,0,7.2292,C,1,1,0,Mr
61,1,1,female,38,0,0,80.0,S,1,1,1,Miss
62,0,1,male,45,1,0,83.475,S,2,0,1,Mr
63,0,3,male,4,3,2,27.9,S,6,0,0,Master
64,0,1,male,7,0,0,27.7208,C,1,1,0,Mr
65,1,3,male,38,1,1,15.2458,C,3,0,0,Master
66,1,2,female,29,0,0,10.5,S,1,1,1,Mrs
67,0,3,male,19,0,0,8.1583,S,1,1,0,Mr
68,1,3,female,17,4,2,7.925,S,7,0,0,Miss
69,0,3,male,26,2,0,8.6625,S,3,0,0,Mr
70,0,2,male,32,0,0,10.5,S,1,1,0,Mr
71,0,3,female,16,5,2,46.9,S,8,0,0,Miss
72,0,2,male,21,0,0,73.5,S,1,1,0,Mr
73,0,3,male,26,1,0,14.4542,C,2,0,0,Mr
74,1,3,male,32,0,0,56.4958,S,1,1,0,Mr
75,0,3,male,25,0,0,7.65,S,1,1,1,Mr
76,0,3,male,13,0,0,7.8958,S,1,1,0,Mr
77,0,3,male,13,0,0,8.05,S,1,1,0,Mr
78,1,2,male,0,0,2,29.0,S,3,0,0,Master
79,1,3,female,30,0,0,12.475,S,1,1,0,Miss
80,0,3,male,22,0,0,9.0,S,1,1,0,Mr
81,1,3,male,29,0,0,9.5,S,1,1,0,Mr
82,1,3,female,48,0,0,7.7875,Q,1,1,0,Miss
83,0,1,male,28,0,0,47.1,S,1,1,0,Mr
84,1,2,female,17,0,0,10.5,S,1,1,0,Miss
85,1,3,female,33,3,0,15.85,S,4,0,0,Mrs
86,0,3,male,16,1,3,34.375,S,5,0,0,Mr
87,0,3,male,27,0,0,8.05,S,1,1,0,Mr
88,1,1,female,23,3,2,263.0,S,6,0,1,Miss
89,0,3,male,24,0,0,8.05,S,1,1,0,Mr
90,0,3,male,29,0,0,8.05,S,1,1,0,Mr
91,0,3,male,20,0,0,7.8542,S,1,1,0,Mr
92,0,1,male,46,1,0,61.175,S,2,0,1,Mr
93,0,3,male,26,1,2,20.575,S,4,0,0,Mr
94,0,3,male,59,0,0,7.25,S,1,1,0,Mr
95,0,3,male,29,0,0,8.05,S,1,1,0,Mr
96,0,1,male,71,0,0,34.6542,C,1,1,1,Mr
97,1,1,male,23,0,1,63.3583,C,2,0,1,Mr
98,1,2,female,34,0,1,23.0,S,2,0,0,Mrs
99,0,2,male,34,1,0,26.0,S,2,0,0,Mr
100,0,3,female,28,0,0,7.8958,S,1,1,0,Miss
101,0,3,male,55,0,0,7.8958,S,1,1,0,Mr
102,0,1,male,21,0,1,77.2875,S,2,0,1,Mr
103,0,3,male,33,0,0,8.6542,S,1,1,0,Mr
104,0,3,male,37,2,0,7.925,S,3,0,0,Mr
105,0,3,male,28,0,0,7.8958,S,1,1,0,Mr
106,1,3,female,21,0,0,7.65,S,1,1,0,Miss
107,1,3,male,41,0,0,7.775,S,1,1,0,Mr
108,0,3,male,38,0,0,7.8958,S,1,1,0,Mr
109,1,3,female,27,1,0,24.15,Q,2,0,0,Miss
110,0,1,male,47,0,0,52.0,S,1,1,1,Mr
111,0,3,female,14,1,0,14.4542,C,2,0,0,Miss
112,0,3,male,22,0,0,8.05,S,1,1,0,Mr
113,0,3,female,20,1,0,9.825,S,2,0,0,Miss
114,0,3,female,17,0,0,14.4583,C,1,1,0,Miss
115,0,3,male,21,0,0,7.925,S,1,1,0,Mr
116,0,3,male,70,0,0,7.75,Q,1,1,0,Mr
117,0,2,male,29,1,0,21.0,S,2,0,0,Mr
118,0,1,male,24,0,1,247.5208,C,2,0,1,Mr
119,0,3,female,2,4,2,31.275,S,7,0,0,Miss
120,0,2,male,21,2,0,73.5,S,3,0,0,Mr
121,0,3,male,43,0,0,8.05,S,1,1,0,Mr
122,0,2,male,32,1,0,30.0708,C,2,0,0,Mr
123,1,2,female,32,0,0,13.0,S,1,1,1,Miss
124,0,1,male,54,0,1,77.2875,S,2,0,1,Mr
125,1,3,male,12,1,0,11.2417,C,2,0,0,Master
126,0,3,male,21,0,0,7.75,Q,1,1,0,Mr
127,1,3,male,24,0,0,7.1417,S,1,1,0,Mr
128,1,3,female,17,1,1,22.3583,C,3,0,1,Miss
129,0,3,male,45,0,0,6.975,S,1,1,0,Mr
130,0,3,male,33,0,0,7.8958,C,1,1,0,Mr
131,0,3,male,20,0,0,7.05,S,1,1,0,Mr
132,0,3,female,47,1,0,14.5,S,2,0,0,Mrs
133,1,2,female,29,1,0,26.0,S,2,0,0,Mrs
134,0,2,male,25,0,0,13.0,S,1,1,0,Mr
135,0,2,male,23,0,0,15.0458,C,1,1,0,Mr
136,1,1,female,19,0,2,26.2833,S,3,0,1,Miss
137,0,1,male,37,1,0,53.1,S,2,0,1,Mr
138,0,3,male,16,0,0,9.2167,S,1,1,0,Mr
139,0,1,male,24,0,0,79.2,C,1,1,1,Mr
140,0,3,female,40,0,2,15.2458,C,3,0,0,Mrs
141,1,3,female,22,0,0,7.75,S,1,1,0,Miss
142,1,3,female,24,1,0,15.85,S,2,0,0,Mrs
143,0,3,male,19,0,0,6.75,Q,1,1,0,Mr
144,0,2,male,18,0,0,11.5,S,1,1,0,Mr
145,0,2,male,19,1,1,36.75,S,3,0,0,Mr
146,1,3,male,27,0,0,7.7958,S,1,1,0,Mr
147,0,3,female,9,2,2,34.375,S,5,0,0,Miss
148,0,2,male,36,0,2,26.0,S,3,0,1,Mr
149,0,2,male,42,0,0,13.0,S,1,1,0,Rare
150,0,2,male,51,0,0,12.525,S,1,1,0,Rare
151,1,1,female,22,1,0,66.6,S,2,0,1,Mrs
152,0,3,male,55,0,0,8.05,S,1,1,0,Mr
153,0,3,male,40,0,2,14.5,S,3,0,0,Mr
154,0,3,male,44,0,0,7.3125,S,1,1,0,Mr
155,0,1,male,51,0,1,61.3792,C,2,0,0,Mr
156,1,3,female,16,0,0,7.7333,Q,1,1,0,Miss
157,0,3,male,30,0,0,8.05,S,1,1,0,Mr
158,0,3,male,6,0,0,8.6625,S,1,1,0,Mr
159,0,3,male,48,8,2,69.55,S,11,0,0,Master
160,0,3,male,44,0,1,16.1,S,2,0,0,Mr
161,1,2,female,40,0,0,15.75,S,1,1,0,Mrs
162,0,3,male,26,0,0,7.775,S,1,1,0,Mr
163,0,3,male,17,0,0,8.6625,S,1,1,0,Mr
164,0,3,male,1,4,1,39.6875,S,6,0,0,Master
165,1,3,male,9,0,2,20.525,S,3,0,0,Master
166,1,1,female,21,0,1,55.0,S,2,0,1,Mrs
167,0,3,female,45,1,4,27.9,S,6,0,0,Mrs
168,0,1,male,26,0,0,25.925,S,1,1,0,Mr
169,0,3,male,28,0,0,56.4958,S,1,1,0,Mr
170,0,1,male,61,0,0,33.5,S,1,1,1,Mr
171,0,3,male,4,4,1,29.125,Q,6,0,0,Master
172,1,3,female,1,1,1,11.1333,S,3,0,0,Miss
173,0,3,male,21,0,0,7.925,S,1,1,0,Mr
174,0,1,male,56,0,0,30.6958,C,1,1,1,Mr
175,0,3,male,18,1,1,7.8542,S,3,0,0,Mr
176,0,3,male,50,3,1,25.4667,S,5,0,0,Master
177,0,1,female,50,0,0,28.7125,C,1,1,1,Miss
178,0,2,male,30,0,0,13.0,S,1,1,0,Mr
179,0,3,male,36,0,0,0.0,S,1,1,0,Mr
180,0,3,female,16,8,2,69.55,S,11,0,0,Miss
181,0,2,male,54,0,0,15.05,C,1,1,0,Mr
182,0,3,male,9,4,2,31.3875,S,7,0,0,Master
183,1,2,male,1,2,1,39.0,S,4,0,1,Master
184,1,3,female,4,0,2,22.025,S,3,0,0,Miss
185,0,1,male,48,0,0,50.0,S,1,1,1,Mr
186,1,3,female,16,1,0,15.5,Q,2,0,0,Mrs
187,1,1,male,45,0,0,26.55,S,1,1,0,Mr
188,0,3,male,40,1,1,15.5,Q,3,0,0,Mr
189,0,3,male,36,0,0,7.8958,S,1,1,0,Mr
190,1,2,female,32,0,0,13.0,S,1,1,0,Mrs
191,0,2,male,19,0,0,13.0,S,1,1,0,Mr
192,1,3,female,19,1,0,7.8542,S,2,0,0,Miss
193,1,2,male,3,1,1,26.0,S,3,0,1,Master
194,1,1,female,44,0,0,27.7208,C,1,1,1,Mrs
195,1,1,female,58,0,0,146.5208,C,1,1,1,Miss
196,0,3,male,11,0,0,7.75,Q,1,1,0,Mr
197,0,3,male,42,0,1,8.4042,S,2,0,0,Mr
198,1,3,female,63,0,0,7.75,Q,1,1,0,Miss
199,0,2,female,24,0,0,13.0,S,1,1,0,Miss
200,0,3,male,28,0,0,9.5,S,1,1,0,Mr
201,0,3,male,51,8,2,69.55,S,11,0,0,Mr
202,0,3,male,34,0,0,6.4958,S,1,1,0,Mr
203,0,3,male,45,0,0,7.225,C,1,1,0,Mr
204,1,3,male,18,0,0,8.05,S,1,1,0,Mr
205,0,3,female,2,0,1,10.4625,S,2,0,1,Miss
206,0,3,male,32,1,0,15.85,S,2,0,0,Mr
207,1,3,male,26,0,0,18.7875,C,1,1,0,Mr
208,1,3,female,16,0,0,7.75,Q,1,1,0,Miss
209,1,1,male,40,0,0,31.0,C,1,1,1,Mr
210,0,3,male,24,0,0,7.05,S,1,1,0,Mr
211,1,2,female,35,0,0,21.0,S,1,1,0,Miss
212,0,3,male,22,0,0,7.25,S,1,1,0,Mr
213,0,2,male,30,0,0,13.0,S,1,1,0,Mr
214,0,3,male,49,1,0,7.75,Q,2,0,0,Mr
215,1,1,female,31,1,0,113.275,C,2,0,1,Miss
216,1,3,female,27,0,0,7.925,S,1,1,0,Miss
217,0,2,male,42,1,0,27.0,S,2,0,0,Mr
218,1,1,female,32,0,0,76.2917,C,1,1,1,Miss
219,0,2,male,30,0,0,10.5,S,1,1,0,Mr
220,1,3,male,16,0,0,8.05,S,1,1,0,Mr
221,0,2,male,27,0,0,13.0,S,1,1,0,Mr
222,0,3,male,51,0,0,8.05,S,1,1,0,Mr
223,0,3,male,31,0,0,7.8958,S,1,1,0,Mr
224,1,1,male,38,1,0,90.0,S,2,0,1,Mr
225,0,3,male,22,0,0,9.35,S,1,1,0,Mr
226,1,2,male,19,0,0,10.5,S,1,1,0,Mr
227,0,3,male,20,0,0,7.25,S,1,1,0,Mr
228,0,2,male,18,0,0,13.0,S,1,1,0,Mr
229,0,3,female,20,3,1,25.4667,S,5,0,0,Miss
230,1,1,female,35,1,0,83.475,S,2,0,1,Mrs
231,0,3,male,29,0,0,7.775,S,1,1,0,Mr
232,0,2,male,59,0,0,13.5,S,1,1,0,Mr
233,1,3,female,5,4,2,31.3875,S,7,0,0,Miss
234,0,2,male,24,0,0,10.5,S,1,1,0,Mr
235,0,3,female,45,0,0,7.55,S,1,1,0,Miss
236,0,2,male,44,1,0,26.0,S,2,0,0,Mr
237,1,2,female,8,0,2,26.25,S,3,0,0,Miss
238,0,2,male,19,0,0,10.5,S,1,1,0,Mr
239,0,2,male,33,0,0,12.275,S,1,1,0,Mr
240,0,3,female,51,1,0,14.4542,C,2,0,0,Miss
241,1,3,female,24,1,0,15.5,Q,2,0,0,Miss
242,0,2,male,29,0,0,10.5,S,1,1,0,Mr
243,0,3,male,22,0,0,7.125,S,1,1,0,Mr
244,0,3,male,30,0,0,7.225,C,1,1,0,Mr
245,0,1,male,44,2,0,90.0,Q,3,0,1,Rare
246,0,3,female,25,0,0,7.775,S,1,1,0,Miss
247,1,2,female,24,0,2,14.5,S,3,0,0,Mrs
248,1,1,male,37,1,1,52.5542,S,3,0,1,Mr
249,0,2,male,54,1,0,26.0,S,2,0,0,Rare
250,0,3,male,28,0,0,7.25,S,1,1,0,Mr
251,0,3,female,29,1,1,10.4625,S,3,0,1,Mrs
252,0,1,male,62,0,0,26.55,S,1,1,1,Mr
253,0,3,male,30,1,0,16.1,S,2,0,0,Mr
254,0,3,female,41,0,2,20.2125,S,3,0,0,Mrs
255,1,3,female,29,0,2,15.2458,C,3,0,0,Mrs
256,1,1,female,39,0,0,79.2,C,1,1,0,Mrs
257,1,1,female,30,0,0,86.5,S,1,1,1,Miss
258,1,1,female,35,0,0,512.3292,C,1,1,0,Miss
259,1,2,female,50,0,1,26.0,S,2,0,0,Mrs
260,0,3,male,15,0,0,7.75,Q,1,1,0,Mr
261,1,3,male,3,4,2,31.3875,S,7,0,0,Master
262,0,1,male,52,1,1,79.65,S,3,0,1,Mr
263,0,1,male,40,0,0,0.0,S,1,1,1,Mr
264,0,3,female,23,0,0,7.75,Q,1,1,0,Miss
265,0,2,male,36,0,0,10.5,S,1,1,0,Mr
266,0,3,male,16,4,1,39.6875,S,6,0,0,Mr
267,1,3,male,25,1,0,7.775,S,2,0,0,Mr
268,1,1,female,58,0,1,153.4625,S,2,0,1,Mrs
269,1,1,female,35,0,0,135.6333,S,1,1,1,Miss
270,0,1,male,52,0,0,31.0,S,1,1,0,Mr
271,1,3,male,25,0,0,0.0,S,1,1,0,Mr
272,1,2,female,41,0,1,19.5,S,2,0,0,Mrs
273,0,1,male,37,0,1,29.7,C,2,0,1,Mr
274,1,3,female,34,0,0,7.75,Q,1,1,0,Miss
275,1,1,female,63,1,0,77.9583,S,2,0,1,Miss
276,0,3,female,45,0,0,7.75,S,1,1,0,Miss
277,0,2,male,35,0,0,0.0,S,1,1,0,Mr
278,0,3,male,7,4,1,29.125,Q,6,0,0,Master
279,1,3,female,35,1,1,20.25,S,3,0,0,Mrs
280,0,3,male,65,0,0,7.75,Q,1,1,0,Mr
281,0,3,male,28,0,0,7.8542,S,1,1,0,Mr
282,0,3,male,16,0,0,9.5,S,1,1,0,Mr
283,1,3,male,19,0,0,8.05,S,1,1,0,Mr
284,0,1,male,34,0,0,26.0,S,1,1,1,Mr
285,0,3,male,33,0,0,8.6625,C,1,1,0,Mr
286,1,3,male,30,0,0,9.5,S,1,1,0,Mr
287,0,3,male,22,0,0,7.8958,S,1,1,0,Mr
288,1,2,male,42,0,0,13.0,S,1,1,0,Mr
289,1,3,female,22,0,0,7.75,Q,1,1,0,Miss
290,1,1,female,26,0,0,78.85,S,1,1,0,Miss
291,1,1,female,19,1,0,91.0792,C,2,0,1,Mrs
292,0,2,male,36,0,0,12.875,C,1,1,1,Mr
293,0,3,female,24,0,0,8.85,S,1,1,0,Miss
294,0,3,male,24,0,0,7.8958,S,1,1,0,Mr
295,0,1,male,14,0,0,27.7208,C,1,1,0,Mr
296,0,3,male,23,0,0,7.2292,C,1,1,0,Mr
297,0,1,female,2,1,2,151.55,S,4,0,1,Miss
298,1,1,male,41,0,0,30.5,S,1,1,1,Mr
299,1,1,female,50,0,1,247.5208,C,2,0,1,Mrs
300,1,3,female,13,0,0,7.75,Q,1,1,0,Miss
301,1,3,male,26,2,0,23.25,Q,3,0,0,Mr
302,0,3,male,19,0,0,0.0,S,1,1,0,Mr
303,1,2,female,32,0,0,12.35,Q,1,1,1,Miss
304,0,3,male,16,0,0,8.05,S,1,1,0,Mr
305,1,1,male,0,1,2,151.55,S,4,0,1,Master
306,1,1,female,44,0,0,110.8833,C,1,1,0,Miss
307,1,1,female,17,1,0,108.9,C,2,0,1,Mrs
308,0,2,male,30,1,0,24.0,C,2,0,0,Mr
309,1,1,female,30,0,0,56.9292,C,1,1,1,Miss
310,1,1,female,24,0,0,83.1583,C,1,1,1,Miss
311,1,1,female,18,2,2,262.375,C,5,0,1,Miss
312,0,2,female,26,1,1,26.0,S,3,0,0,Mrs
313,0,3,male,28,0,0,7.8958,S,1,1,0,Mr
314,0,2,male,43,1,1,26.25,S,3,0,0,Mr
315,1,3,female,26,0,0,7.8542,S,1,1,0,Miss
316,1,2,female,24,1,0,26.0,S,2,0,0,Mrs
317,0,2,male,54,0,0,14.0,S,1,1,0,Rare
318,1,1,female,31,0,2,164.8667,S,3,0,1,Miss
319,1,1,female,40,1,1,134.5,C,3,0,1,Mrs
320,0,3,male,22,0,0,7.25,S,1,1,0,Mr
321,0,3,male,27,0,0,7.8958,S,1,1,0,Mr
322,1,2,female,30,0,0,12.35,Q,1,1,0,Miss
323,1,2,female,22,1,1,29.0,S,3,0,0,Mrs
324,0,3,male,14,8,2,69.55,S,11,0,0,Mr
325,1,1,female,36,0,0,135.6333,C,1,1,1,Miss
326,0,3,male,61,0,0,6.2375,S,1,1,0,Mr
327,1,2,female,36,0,0,13.0,S,1,1,1,Mrs
328,1,3,female,31,1,1,20.525,S,3,0,0,Mrs
329,1,1,female,16,0,1,57.9792,C,2,0,1,Miss
330,1,3,female,41,2,0,23.25,Q,3,0,0,Miss
331,0,1,male,45,0,0,28.5,S,1,1,1,Mr
332,0,1,male,38,0,1,153.4625,S,2,0,1,Mr
333,0,3,male,16,2,0,18.0,S,3,0,0,Mr
334,1,1,female,5,1,0,133.65,S,2,0,0,Mrs
335,0,3,male,10,0,0,7.8958,S,1,1,0,Mr
336,0,1,male,29,1,0,66.6,S,2,0,1,Mr
337,1,1,female,41,0,0,134.5,C,1,1,1,Miss
338,1,3,male,45,0,0,8.05,S,1,1,0,Mr
339,0,1,male,45,0,0,35.5,S,1,1,1,Mr
340,1,2,male,2,1,1,26.0,S,3,0,1,Master
341,1,1,female,24,3,2,263.0,S,6,0,1,Miss
342,0,2,male,28,0,0,13.0,S,1,1,0,Mr
343,0,2,male,25,0,0,13.0,S,1,1,0,Mr
344,0,2,male,36,0,0,13.0,S,1,1,0,Mr
345,1,2,female,24,0,0,13.0,S,1,1,1,Miss
346,1,2,female,40,0,0,13.0,S,1,1,0,Miss
347,1,3,female,39,1,0,16.1,S,2,0,0,Mrs
348,1,3,male,3,1,1,15.9,S,3,0,0,Master
349,0,3,male,42,0,0,8.6625,S,1,1,0,Mr
350,0,3,male,23,0,0,9.225,S,1,1,0,Mr
351,0,1,male,29,0,0,35.0,S,1,1,1,Mr
352,0,3,male,15,1,1,7.2292,C,3,0,0,Mr
353,0,3,male,25,1,0,17.8,S,2,0,0,Mr
354,0,3,male,31,0,0,7.225,C,1,1,0,Mr
355,0,3,male,28,0,0,9.5,S,1,1,0,Mr
356,1,1,female,22,0,1,55.0,S,2,0,1,Miss
357,0,2,female,38,0,0,13.0,S,1,1,0,Miss
358,1,3,female,61,0,0,7.8792,Q,1,1,0,Miss
359,1,3,female,27,0,0,7.8792,Q,1,1,0,Miss
360,0,3,male,40,1,4,27.9,S,6,0,0,Mr
361,0,2,male,29,1,0,27.7208,C,2,0,0,Mr
362,0,3,female,45,0,1,14.4542,C,2,0,0,Mrs
363,0,3,male,35,0,0,7.05,S,1,1,0,Mr
364,0,3,male,36,1,0,15.5,Q,2,0,0,Mr
365,0,3,male,30,0,0,7.25,S,1,1,0,Mr
366,1,1,female,60,1,0,75.25,C,2,0,1,Mrs
367,1,3,female,20,0,0,7.2292,C,1,1,0,Mrs
368,1,3,female,52,0,0,7.75,Q,1,1,0,Miss
369,1,1,female,24,0,0,69.3,C,1,1,1,Rare
370,1,1,male,25,1,0,55.4417,C,2,0,1,Mr
371,0,3,male,18,1,0,6.4958,S,2,0,0,Mr
372,0,3,male,19,0,0,8.05,S,1,1,0,Mr
373,0,1,male,22,0,0,135.6333,C,1,1,0,Mr
374,0,3,female,3,3,1,21.075,S,5,0,0,Miss
375,1,1,female,21,1,0,82.1708,C,2,0,0,Mrs
376,1,3,female,22,0,0,7.25,S,1,1,0,Miss
377,0,1,male,27,0,2,211.5,C,3,0,1,Mr
378,0,3,male,20,0,0,4.0125,C,1,1,0,Mr
379,0,3,male,19,0,0,7.775,S,1,1,0,Mr
380,1,1,female,42,0,0,227.525,C,1,1,0,Miss
381,1,3,female,1,0,2,15.7417,C,3,0,0,Miss
382,0,3,male,32,0,0,7.925,S,1,1,0,Mr
383,1,1,female,35,1,0,52.0,S,2,0,0,Mrs
384,0,3,male,20,0,0,7.8958,S,1,1,0,Mr
385,0,2,male,18,0,0,73.5,S,1,1,0,Mr
386,0,3,male,1,5,2,46.9,S,8,0,0,Master
387,1,2,female,36,0,0,13.0,S,1,1,0,Miss
388,0,3,male,30,0,0,7.7292,Q,1,1,0,Mr
389,1,2,female,17,0,0,12.0,C,1,1,0,Miss
390,1,1,male,36,1,2,120.0,S,4,0,1,Mr
391,1,3,male,21,0,0,7.7958,S,1,1,0,Mr
392,0,3,male,28,2,0,7.925,S,3,0,0,Mr
393,1,1,female,23,1,0,113.275,C,2,0,1,Miss
394,1,3,female,24,0,2,16.7,S,3,0,1,Mrs
395,0,3,male,22,0,0,7.7958,S,1,1,0,Mr
396,0,3,female,31,0,0,7.8542,S,1,1,0,Miss
397,0,2,male,46,0,0,26.0,S,1,1,0,Mr
398,0,2,male,23,0,0,10.5,S,1,1,0,Rare
399,1,2,female,28,0,0,12.65,S,1,1,0,Mrs
400,1,3,male,39,0,0,7.925,S,1,1,0,Mr
401,0,3,male,26,0,0,8.05,S,1,1,0,Mr
402,0,3,female,21,1,0,9.825,S,2,0,0,Miss
403,0,3,male,28,1,0,15.85,S,2,0,0,Mr
404,0,3,female,20,0,0,8.6625,S,1,1,0,Miss
405,0,2,male,34,1,0,21.0,S,2,0,0,Mr
406,0,3,male,51,0,0,7.75,S,1,1,0,Mr
407,1,2,male,3,1,1,18.75,S,3,0,0,Master
408,0,3,male,21,0,0,7.775,S,1,1,0,Mr
409,0,3,female,13,3,1,25.4667,S,5,0,0,Miss
410,0,3,male,31,0,0,7.8958,S,1,1,0,Mr
411,0,3,male,8,0,0,6.8583,Q,1,1,0,Mr
412,1,1,female,33,1,0,90.0,Q,2,0,1,Miss
413,0,2,male,38,0,0,0.0,S,1,1,0,Mr
414,1,3,male,44,0,0,7.925,S,1,1,0,Mr
415,0,3,female,42,0,0,8.05,S,1,1,0,Mrs
416,1,2,female,34,1,1,32.5,S,3,0,0,Mrs
417,1,2,female,18,0,2,13.0,S,3,0,0,Miss
418,0,2,male,30,0,0,13.0,S,1,1,0,Mr
419,0,3,female,10,0,2,24.15,S,3,0,0,Miss
420,0,3,male,25,0,0,7.8958,C,1,1,0,Mr
421,0,3,male,21,0,0,7.7333,Q,1,1,0,Mr
422,0,3,male,29,0,0,7.875,S,1,1,0,Mr
423,0,3,female,28,1,1,14.4,S,3,0,0,Mrs
424,0,3,male,18,1,1,20.2125,S,3,0,0,Mr
425,0,3,male,19,0,0,7.25,S,1,1,0,Mr
426,1,2,female,28,1,0,26.0,S,2,0,0,Mrs
427,1,2,female,19,0,0,26.0,S,1,1,0,Miss
428,0,3,male,38,0,0,7.75,Q,1,1,0,Mr
429,1,3,male,32,0,0,8.05,S,1,1,1,Mr
430,1,1,male,28,0,0,26.55,S,1,1,1,Mr
431,1,3,female,28,1,0,16.1,S,2,0,0,Mrs
432,1,2,female,42,1,0,26.0,S,2,0,0,Mrs
433,0,3,male,17,0,0,7.125,S,1,1,0,Mr
434,0,1,male,50,1,0,55.9,S,2,0,1,Mr
435,1,1,female,14,1,2,120.0,S,4,0,1,Miss
436,0,3,female,21,2,2,34.375,S,5,0,0,Miss
437,1,2,female,24,2,3,18.75,S,6,0,0,Mrs
438,0,1,male,64,1,4,263.0,S,6,0,1,Mr
439,0,2,male,31,0,0,10.5,S,1,1,0,Mr
440,1,2,female,45,1,1,26.25,S,3,0,0,Mrs
441,0,3,male,20,0,0,9.5,S,1,1,0,Mr
442,0,3,male,25,1,0,7.775,S,2,0,0,Mr
443,1,2,female,28,0,0,13.0,S,1,1,0,Rare
444,1,3,male,23,0,0,8.1125,S,1,1,0,Mr
445,1,1,male,4,0,2,81.8583,S,3,0,1,Master
446,1,2,female,13,0,1,19.5,S,2,0,0,Miss
447,1,1,male,34,0,0,26.55,S,1,1,0,Mr
448,1,3,female,5,2,1,19.2583,C,4,0,0,Miss
449,1,1,male,52,0,0,30.5,S,1,1,1,Rare
450,0,2,male,36,1,2,27.75,S,4,0,0,Mr
451,0,3,male,33,1,0,19.9667,S,2,0,0,Mr
452,0,1,male,30,0,0,27.75,C,1,1,1,Mr
453,1,1,male,49,1,0,89.1042,C,2,0,1,Mr
454,0,3,male,29,0,0,8.05,S,1,1,0,Mr
455,1,3,male,29,0,0,7.8958,C,1,1,0,Mr
456,0,1,male,65,0,0,26.55,S,1,1,1,Mr
457,1,1,female,-6,1,0,51.8625,S,2,0,1,Mrs
458,1,2,female,50,0,0,10.5,S,1,1,0,Miss
459,0,3,male,27,0,0,7.75,Q,1,1,0,Mr
460,1,1,male,48,0,0,26.55,S,1,1,1,Mr
461,0,3,male,34,0,0,8.05,S,1,1,0,Mr
462,0,1,male,47,0,0,38.5,S,1,1,1,Mr
463,0,2,male,48,0,0,13.0,S,1,1,0,Mr
464,0,3,male,25,0,0,8.05,S,1,1,0,Mr
465,0,3,male,38,0,0,7.05,S,1,1,0,Mr
466,0,2,male,28,0,0,0.0,S,1,1,0,Mr
467,0,1,male,56,0,0,26.55,S,1,1,0,Mr
468,0,3,male,49,0,0,7.725,Q,1,1,0,Mr
469,1,3,female,0,2,1,19.2583,C,4,0,0,Miss
470,0,3,male,28,0,0,7.25,S,1,1,0,Mr
471,0,3,male,38,0,0,8.6625,S,1,1,0,Mr
472,1,2,female,33,1,2,27.75,S,4,0,0,Mrs
473,1,2,female,23,0,0,13.7917,C,1,1,1,Mrs
474,0,3,female,22,0,0,9.8375,S,1,1,0,Miss
475,0,1,male,67,0,0,52.0,S,1,1,1,Mr
476,0,2,male,34,1,0,21.0,S,2,0,0,Mr
477,0,3,male,29,1,0,7.0458,S,2,0,0,Mr
478,0,3,male,22,0,0,7.5208,S,1,1,0,Mr
479,1,3,female,2,0,1,12.2875,S,2,0,0,Miss
480,0,3,male,9,5,2,46.9,S,8,0,0,Master
481,0,2,male,-1,0,0,0.0,S,1,1,0,Mr
482,0,3,male,50,0,0,8.05,S,1,1,0,Mr
483,1,3,female,63,0,0,9.5875,S,1,1,0,Mrs
484,1,1,male,25,1,0,91.0792,C,2,0,1,Mr
485,0,3,female,36,3,1,25.4667,S,5,0,0,Miss
486,1,1,female,35,1,0,90.0,S,2,0,1,Mrs
487,0,1,male,58,0,0,29.7,C,1,1,1,Mr
488,0,3,male,30,0,0,8.05,S,1,1,0,Mr
489,1,3,male,9,1,1,15.9,S,3,0,0,Master
490,0,3,male,-1,1,0,19.9667,S,2,0,0,Mr
491,0,3,male,21,0,0,7.25,S,1,1,0,Mr
492,0,1,male,55,0,0,30.5,S,1,1,1,Mr
493,0,1,male,71,0,0,49.5042,C,1,1,0,Mr
494,0,3,male,21,0,0,8.05,S,1,1,0,Mr
495,0,3,male,5,0,0,14.4583,C,1,1,0,Mr
496,1,1,female,54,1,0,78.2667,C,2,0,1,Miss
497,0,3,male,26,0,0,15.1,S,1,1,0,Mr
498,0,1,female,25,1,2,151.55,S,4,0,1,Mrs
499,0,3,male,24,0,0,7.7958,S,1,1,0,Mr
500,0,3,male,17,0,0,8.6625,S,1,1,0,Mr
501,0,3,female,21,0,0,7.75,Q,1,1,0,Miss
502,0,3,female,34,0,0,7.6292,Q,1,1,0,Miss
503,0,3,female,37,0,0,9.5875,S,1,1,0,Miss
504,1,1,female,16,0,0,86.5,S,1,1,1,Miss
505,0,1,male,18,1,0,108.9,C,2,0,1,Mr
506,1,2,female,33,0,2,26.0,S,3,0,0,Mrs
507,1,1,male,50,0,0,26.55,S,1,1,0,Mr
508,0,3,male,28,0,0,22.525,S,1,1,0,Mr
509,1,3,male,26,0,0,56.4958,S,1,1,0,Mr
510,1,3,male,29,0,0,7.75,Q,1,1,0,Mr
511,0,3,male,23,0,0,8.05,S,1,1,0,Mr
512,1,1,male,36,0,0,26.2875,S,1,1,1,Mr
513,1,1,female,54,1,0,59.4,C,2,0,0,Mrs
514,0,3,male,24,0,0,7.4958,S,1,1,0,Mr
515,0,1,male,47,0,0,34.0208,S,1,1,1,Mr
516,1,2,female,34,0,0,10.5,S,1,1,1,Mrs
517,0,3,male,48,0,0,24.15,Q,1,1,0,Mr
518,1,2,female,36,1,0,26.0,S,2,0,0,Mrs
519,0,3,male,32,0,0,7.8958,S,1,1,0,Mr
520,1,1,female,30,0,0,93.5,S,1,1,1,Miss
521,0,3,male,22,0,0,7.8958,S,1,1,0,Mr
522,0,3,male,37,0,0,7.225,C,1,1,0,Mr
523,1,1,female,44,0,1,57.9792,C,2,0,1,Mrs
524,0,3,male,36,0,0,7.2292,C,1,1,0,Mr
525,0,3,male,40,0,0,7.75,Q,1,1,0,Mr
526,1,2,female,50,0,0,10.5,S,1,1,0,Miss
527,0,1,male,25,0,0,221.7792,S,1,1,1,Mr
528,0,3,male,39,0,0,7.925,S,1,1,0,Mr
529,0,2,male,23,2,1,11.5,S,4,0,0,Mr
530,1,2,female,2,1,1,26.0,S,3,0,0,Miss
531,0,3,male,53,0,0,7.2292,C,1,1,0,Mr
532,0,3,male,17,1,1,7.2292,C,3,0,0,Mr
533,1,3,female,30,0,2,22.3583,C,3,0,0,Mrs
534,0,3,female,30,0,0,8.6625,S,1,1,0,Miss
535,1,2,female,7,0,2,26.25,S,3,0,0,Miss
536,0,1,male,45,0,0,26.55,S,1,1,1,Rare
537,1,1,female,30,0,0,106.425,C,1,1,0,Miss
538,0,3,male,33,0,0,14.5,S,1,1,0,Mr
539,1,1,female,22,0,2,49.5,C,3,0,1,Miss
540,1,1,female,36,0,2,71.0,S,3,0,1,Miss
541,0,3,female,9,4,2,31.275,S,7,0,0,Miss
542,0,3,female,11,4,2,31.275,S,7,0,0,Miss
543,1,2,male,32,1,0,26.0,S,2,0,0,Mr
544,0,1,male,50,1,0,106.425,C,2,0,1,Mr
545,0,1,male,64,0,0,26.0,S,1,1,0,Mr
546,1,2,female,19,1,0,26.0,S,2,0,0,Mrs
547,1,2,male,0,0,0,13.8625,C,1,1,0,Mr
548,0,3,male,33,1,1,20.525,S,3,0,0,Mr
549,1,2,male,8,1,1,36.75,S,3,0,0,Master
550,1,1,male,17,0,2,110.8833,C,3,0,1,Mr
551,0,2,male,27,0,0,26.0,S,1,1,0,Mr
552,0,3,male,21,0,0,7.8292,Q,1,1,0,Mr
553,1,3,male,22,0,0,7.225,C,1,1,0,Mr
554,1,3,female,22,0,0,7.775,S,1,1,0,Miss
555,0,1,male,62,0,0,26.55,S,1,1,0,Mr
556,1,1,female,48,1,0,39.6,C,2,0,1,Rare
557,0,1,male,29,0,0,227.525,C,1,1,0,Mr
558,1,1,female,39,1,1,79.65,S,3,0,1,Mrs
559,1,3,female,36,1,0,17.4,S,2,0,0,Mrs
560,0,3,male,34,0,0,7.75,Q,1,1,0,Mr
561,0,3,male,40,0,0,7.8958,S,1,1,0,Mr
562,0,2,male,28,0,0,13.5,S,1,1,0,Mr
563,0,3,male,49,0,0,8.05,S,1,1,0,Mr
564,0,3,female,32,0,0,8.05,S,1,1,0,Miss
565,0,3,male,24,2,0,24.15,S,3,0,0,Mr
566,0,3,male,19,0,0,7.8958,S,1,1,0,Mr
567,0,3,female,29,0,4,21.075,S,5,0,0,Mrs
568,0,3,male,36,0,0,7.2292,C,1,1,0,Mr
569,1,3,male,32,0,0,7.8542,S,1,1,0,Mr
570,1,2,male,62,0,0,10.5,S,1,1,0,Mr
571,1,1,female,53,2,0,51.4792,S,3,0,1,Mrs
572,1,1,male,36,0,0,26.3875,S,1,1,1,Mr
573,1,3,female,13,0,0,7.75,Q,1,1,0,Miss
574,0,3,male,16,0,0,8.05,S,1,1,0,Mr
575,0,3,male,19,0,0,14.5,S,1,1,0,Mr
576,1,2,female,34,0,0,13.0,S,1,1,0,Miss
577,1,1,female,39,1,0,55.9,S,2,0,1,Mrs
578,0,3,female,26,1,0,14.4583,C,2,0,0,Mrs
579,1,3,male,32,0,0,7.925,S,1,1,0,Mr
580,1,2,female,25,1,1,30.0,S,3,0,0,Miss
581,1,1,female,39,1,1,110.8833,C,3,0,1,Mrs
582,0,2,male,54,0,0,26.0,S,1,1,0,Mr
583,0,1,male,36,0,0,40.125,C,1,1,1,Mr
584,0,3,male,21,0,0,8.7125,C,1,1,0,Mr
585,1,1,female,18,0,2,79.65,S,3,0,1,Miss
586,0,2,male,47,0,0,15.0,S,1,1,0,Mr
587,1,1,male,60,1,1,79.2,C,3,0,1,Mr
588,0,3,male,22,0,0,8.05,S,1,1,0,Mr
589,0,3,male,3,0,0,8.05,S,1,1,0,Mr
590,0,3,male,35,0,0,7.125,S,1,1,0,Mr
591,1,1,female,52,1,0,78.2667,C,2,0,1,Mrs
592,0,3,male,47,0,0,7.25,S,1,1,0,Mr
593,0,3,female,44,0,2,7.75,Q,3,0,0,Miss
594,0,2,male,37,1,0,26.0,S,2,0,0,Mr
595,0,3,male,36,1,1,24.15,S,3,0,0,Mr
596,1,2,female,25,0,0,33.0,S,1,1,0,Miss
597,0,3,male,49,0,0,0.0,S,1,1,0,Mr
598,0,3,male,16,0,0,7.225,C,1,1,0,Mr
599,1,1,male,49,1,0,56.9292,C,2,0,1,Rare
600,1,2,female,24,2,1,27.0,S,4,0,0,Mrs
601,0,3,male,36,0,0,7.8958,S,1,1,0,Mr
602,0,1,male,20,0,0,42.4,S,1,1,0,Mr
603,0,3,male,44,0,0,8.05,S,1,1,0,Mr
604,1,1,male,35,0,0,26.55,C,1,1,0,Mr
605,0,3,male,36,1,0,15.55,S,2,0,0,Mr
606,0,3,male,30,0,0,7.8958,S,1,1,0,Mr
607,1,1,male,27,0,0,30.5,S,1,1,0,Mr
608,1,2,female,22,1,2,41.5792,C,4,0,0,Mrs
609,1,1,female,40,0,0,153.4625,S,1,1,1,Miss
610,0,3,female,39,1,5,31.275,S,7,0,0,Mrs
611,0,3,male,40,0,0,7.05,S,1,1,0,Mr
612,1,3,female,30,1,0,15.5,Q,2,0,0,Miss
613,0,3,male,25,0,0,7.75,Q,1,1,0,Mr
614,0,3,male,35,0,0,8.05,S,1,1,0,Mr
615,1,2,female,24,1,2,65.0,S,4,0,0,Miss
616,0,3,male,34,1,1,14.4,S,3,0,0,Mr
617,0,3,female,26,1,0,16.1,S,2,0,0,Mrs
618,1,2,female,4,2,1,39.0,S,4,0,1,Miss
619,0,2,male,26,0,0,10.5,S,1,1,0,Mr
620,0,3,male,27,1,0,14.4542,C,2,0,0,Mr
621,1,1,male,42,1,0,52.5542,S,2,0,1,Mr
622,1,3,male,20,1,1,15.7417,C,3,0,0,Mr
623,0,3,male,21,0,0,7.8542,S,1,1,0,Mr
624,0,3,male,21,0,0,16.1,S,1,1,0,Mr
625,0,1,male,61,0,0,32.3208,S,1,1,1,Mr
626,0,2,male,57,0,0,12.35,Q,1,1,0,Rare
627,1,1,female,21,0,0,77.9583,S,1,1,1,Miss
628,0,3,male,26,0,0,7.8958,S,1,1,0,Mr
629,0,3,male,42,0,0,7.7333,Q,1,1,0,Mr
630,1,1,male,80,0,0,30.0,S,1,1,1,Mr
631,0,3,male,51,0,0,7.0542,S,1,1,0,Mr
632,1,1,male,32,0,0,30.5,C,1,1,1,Rare
633,0,1,male,18,0,0,0.0,S,1,1,0,Mr
634,0,3,female,9,3,2,27.9,S,6,0,0,Miss
635,1,2,female,28,0,0,13.0,S,1,1,0,Miss
636,0,3,male,32,0,0,7.925,S,1,1,0,Mr
637,0,2,male,31,1,1,26.25,S,3,0,0,Mr
638,0,3,female,41,0,5,39.6875,S,6,0,0,Mrs
639,0,3,male,47,1,0,16.1,S,2,0,0,Mr
640,0,3,male,20,0,0,7.8542,S,1,1,0,Mr
641,1,1,female,24,0,0,69.3,C,1,1,1,Rare
642,0,3,female,2,3,2,27.9,S,6,0,0,Miss
643,1,3,male,14,0,0,56.4958,S,1,1,0,Mr
644,1,3,female,0,2,1,19.2583,C,4,0,0,Miss
645,1,1,male,48,1,0,76.7292,C,2,0,1,Mr
646,0,3,male,19,0,0,7.8958,S,1,1,0,Mr
647,1,1,male,56,0,0,35.5,C,1,1,1,Rare
648,0,3,male,40,0,0,7.55,S,1,1,0,Mr
649,1,3,female,23,0,0,7.55,S,1,1,0,Miss
650,0,3,male,58,0,0,7.8958,S,1,1,0,Mr
651,1,2,female,18,0,1,23.0,S,2,0,0,Miss
652,0,3,male,21,0,0,8.4333,S,1,1,0,Mr
653,1,3,female,26,0,0,7.8292,Q,1,1,0,Miss
654,0,3,female,18,0,0,6.75,Q,1,1,0,Miss
655,0,2,male,24,2,0,73.5,S,3,0,0,Mr
656,0,3,male,43,0,0,7.8958,S,1,1,0,Mr
657,0,3,female,32,1,1,15.5,Q,3,0,0,Mrs
658,0,2,male,23,0,0,13.0,S,1,1,0,Mr
659,0,1,male,58,0,2,113.275,C,3,0,1,Mr
660,1,1,male,50,2,0,133.65,S,3,0,0,Rare
661,0,3,male,40,0,0,7.225,C,1,1,0,Mr
662,0,1,male,47,0,0,25.5875,S,1,1,1,Mr
663,0,3,male,36,0,0,7.4958,S,1,1,0,Mr
664,1,3,male,20,1,0,7.925,S,2,0,0,Mr
665,0,2,male,32,2,0,73.5,S,3,0,0,Mr
666,0,2,male,25,0,0,13.0,S,1,1,0,Mr
667,0,3,male,17,0,0,7.775,S,1,1,0,Mr
668,0,3,male,43,0,0,8.05,S,1,1,0,Mr
669,1,1,female,17,1,0,52.0,S,2,0,1,Mrs
670,1,2,female,40,1,1,39.0,S,3,0,0,Mrs
671,0,1,male,31,1,0,52.0,S,2,0,1,Mr
672,0,2,male,70,0,0,10.5,S,1,1,0,Mr
673,1,2,male,31,0,0,13.0,S,1,1,0,Mr
674,0,2,male,49,0,0,0.0,S,1,1,0,Mr
675,0,3,male,18,0,0,7.775,S,1,1,0,Mr
676,0,3,male,24,0,0,8.05,S,1,1,0,Mr
677,1,3,female,18,0,0,9.8417,S,1,1,0,Miss
678,0,3,female,43,1,6,46.9,S,8,0,0,Mrs
679,1,1,male,36,0,1,512.3292,C,2,0,1,Mr
680,0,3,female,47,0,0,8.1375,Q,1,1,0,Miss
681,1,1,male,27,0,0,76.7292,C,1,1,1,Mr
682,0,3,male,20,0,0,9.225,S,1,1,0,Mr
683,0,3,male,14,5,2,46.9,S,8,0,0,Mr
684,0,2,male,60,1,1,39.0,S,3,0,0,Mr
685,0,2,male,25,1,2,41.5792,C,4,0,0,Mr
686,0,3,male,14,4,1,39.6875,S,6,0,0,Mr
687,0,3,male,19,0,0,10.1708,S,1,1,0,Mr
688,0,3,male,18,0,0,7.7958,S,1,1,0,Mr
689,1,1,female,15,0,1,211.3375,S,2,0,1,Miss
690,1,1,male,31,1,0,57.0,S,2,0,1,Mr
691,1,3,female,4,0,1,13.4167,C,2,0,0,Miss
692,1,3,male,38,0,0,56.4958,S,1,1,0,Mr
693,0,3,male,25,0,0,7.225,C,1,1,0,Mr
694,0,1,male,60,0,0,26.55,S,1,1,0,Rare
695,0,2,male,52,0,0,13.5,S,1,1,0,Mr
696,0,3,male,44,0,0,8.05,S,1,1,0,Mr
697,1,3,female,19,0,0,7.7333,Q,1,1,0,Miss
698,0,1,male,49,1,1,110.8833,C,3,0,1,Mr
699,0,3,male,42,0,0,7.65,S,1,1,1,Mr
700,1,1,female,18,1,0,227.525,C,2,0,1,Mrs
701,1,1,male,35,0,0,26.2875,S,1,1,1,Mr
702,0,3,female,18,0,1,14.4542,C,2,0,0,Miss
703,0,3,male,25,0,0,7.7417,Q,1,1,0,Mr
704,0,3,male,26,1,0,7.8542,S,2,0,0,Mr
705,0,2,male,39,0,0,26.0,S,1,1,0,Mr
706,1,2,female,45,0,0,13.5,S,1,1,0,Mrs
707,1,1,male,42,0,0,26.2875,S,1,1,1,Mr
708,1,1,female,22,0,0,151.55,S,1,1,0,Miss
709,1,3,male,37,1,1,15.2458,C,3,0,0,Master
710,1,1,female,24,0,0,49.5042,C,1,1,1,Rare
711,0,1,male,38,0,0,26.55,S,1,1,1,Mr
712,1,1,male,48,1,0,52.0,S,2,0,1,Mr
713,0,3,male,29,0,0,9.4833,S,1,1,0,Mr
714,0,2,male,52,0,0,13.0,S,1,1,0,Mr
715,0,3,male,19,0,0,7.65,S,1,1,1,Mr
716,1,1,female,38,0,0,227.525,C,1,1,1,Miss
717,1,2,female,27,0,0,10.5,S,1,1,1,Miss
718,0,3,male,24,0,0,15.5,Q,1,1,0,Mr
719,0,3,male,33,0,0,7.775,S,1,1,0,Mr
720,1,2,female,6,0,1,33.0,S,2,0,0,Miss
721,0,3,male,17,1,0,7.0542,S,2,0,0,Mr
722,0,2,male,34,0,0,13.0,S,1,1,0,Mr
723,0,2,male,50,0,0,13.0,S,1,1,0,Mr
724,1,1,male,27,1,0,53.1,S,2,0,1,Mr
725,0,3,male,20,0,0,8.6625,S,1,1,0,Mr
726,1,2,female,30,3,0,21.0,S,4,0,0,Mrs
727,1,3,female,33,0,0,7.7375,Q,1,1,0,Miss
728,0,2,male,25,1,0,26.0,S,2,0,0,Mr
729,0,3,female,25,1,0,7.925,S,2,0,0,Miss
730,1,1,female,29,0,0,211.3375,S,1,1,1,Miss
731,0,3,male,11,0,0,18.7875,C,1,1,0,Mr
732,0,2,male,17,0,0,0.0,S,1,1,0,Mr
733,0,2,male,23,0,0,13.0,S,1,1,0,Mr
734,0,2,male,23,0,0,13.0,S,1,1,0,Mr
735,0,3,male,28,0,0,16.1,S,1,1,0,Mr
736,0,3,female,48,1,3,34.375,S,5,0,0,Mrs
737,1,1,male,35,0,0,512.3292,C,1,1,1,Mr
738,0,3,male,38,0,0,7.8958,S,1,1,0,Mr
739,0,3,male,52,0,0,7.8958,S,1,1,0,Mr
740,1,1,male,25,0,0,30.0,S,1,1,1,Mr
741,0,1,male,36,1,0,78.85,S,2,0,1,Mr
742,1,1,female,21,2,2,262.375,C,5,0,1,Miss
743,0,3,male,24,1,0,16.1,S,2,0,0,Mr
744,1,3,male,31,0,0,7.925,S,1,1,0,Mr
745,0,1,male,70,1,1,71.0,S,3,0,1,Rare
746,0,3,male,16,1,1,20.25,S,3,0,0,Mr
747,1,2,female,30,0,0,13.0,S,1,1,0,Miss
748,0,1,male,19,1,0,53.1,S,2,0,1,Mr
749,0,3,male,31,0,0,7.75,Q,1,1,0,Mr
750,1,2,female,4,1,1,23.0,S,3,0,0,Miss
751,1,3,male,6,0,1,12.475,S,2,0,1,Master
752,0,3,male,33,0,0,9.5,S,1,1,0,Mr
753,0,3,male,23,0,0,7.8958,S,1,1,0,Mr
754,1,2,female,48,1,2,65.0,S,4,0,0,Mrs
755,1,2,male,0,1,1,14.5,S,3,0,0,Master
756,0,3,male,28,0,0,7.7958,S,1,1,0,Mr
757,0,2,male,18,0,0,11.5,S,1,1,0,Mr
758,0,3,male,34,0,0,8.05,S,1,1,0,Mr
759,1,1,female,33,0,0,86.5,S,1,1,1,Rare
760,0,3,male,52,0,0,14.5,S,1,1,0,Mr
761,0,3,male,41,0,0,7.125,S,1,1,0,Mr
762,1,3,male,20,0,0,7.2292,C,1,1,0,Mr
763,1,1,female,36,1,2,120.0,S,4,0,1,Mrs
764,0,3,male,16,0,0,7.775,S,1,1,0,Mr
765,1,1,female,51,1,0,77.9583,S,2,0,1,Mrs
766,0,1,male,40,0,0,39.6,C,1,1,0,Rare
767,0,3,female,30,0,0,7.75,Q,1,1,0,Miss
768,0,3,male,20,1,0,24.15,Q,2,0,0,Mr
769,0,3,male,32,0,0,8.3625,S,1,1,0,Mr
770,0,3,male,24,0,0,9.5,S,1,1,0,Mr
771,0,3,male,48,0,0,7.8542,S,1,1,0,Mr
772,0,2,female,57,0,0,10.5,S,1,1,1,Mrs
773,0,3,male,15,0,0,7.225,C,1,1,0,Mr
774,1,2,female,54,1,3,23.0,S,5,0,0,Mrs
775,0,3,male,18,0,0,7.75,S,1,1,0,Mr
776,0,3,male,18,0,0,7.75,Q,1,1,1,Mr
777,1,3,female,5,0,0,12.475,S,1,1,0,Miss
778,0,3,male,45,0,0,7.7375,Q,1,1,0,Mr
779,1,1,female,43,0,1,211.3375,S,2,0,1,Mrs
780,1,3,female,13,0,0,7.2292,C,1,1,0,Miss
781,1,1,female,17,1,0,57.0,S,2,0,1,Mrs
782,0,1,male,29,0,0,30.0,S,1,1,1,Mr
783,0,3,male,62,1,2,23.45,S,4,0,0,Mr
784,0,3,male,25,0,0,7.05,S,1,1,0,Mr
785,0,3,male,25,0,0,7.25,S,1,1,0,Mr
786,1,3,female,18,0,0,7.4958,S,1,1,0,Miss
787,0,3,male,8,4,1,29.125,Q,6,0,0,Master
788,1,3,male,1,1,2,20.575,S,4,0,0,Master
789,0,1,male,46,0,0,79.2,C,1,1,1,Mr
790,0,3,male,42,0,0,7.75,Q,1,1,0,Mr
791,0,2,male,16,0,0,26.0,S,1,1,0,Mr
792,0,3,female,32,8,2,69.55,S,11,0,0,Miss
793,0,1,male,25,0,0,30.6958,C,1,1,0,Mr
794,0,3,male,25,0,0,7.8958,S,1,1,0,Mr
795,0,2,male,39,0,0,13.0,S,1,1,0,Mr
796,1,1,female,49,0,0,25.9292,S,1,1,1,Rare
797,1,3,female,31,0,0,8.6833,S,1,1,0,Mrs
798,0,3,male,30,0,0,7.2292,C,1,1,0,Mr
799,0,3,female,30,1,1,24.15,S,3,0,0,Mrs
800,0,2,male,34,0,0,13.0,S,1,1,0,Mr
801,1,2,female,31,1,1,26.25,S,3,0,0,Mrs
802,1,1,male,11,1,2,120.0,S,4,0,1,Master
803,1,3,male,0,0,1,8.5167,C,2,0,0,Master
804,1,3,male,27,0,0,6.975,S,1,1,0,Mr
805,0,3,male,31,0,0,7.775,S,1,1,0,Mr
806,0,1,male,39,0,0,0.0,S,1,1,1,Mr
807,0,3,female,18,0,0,7.775,S,1,1,0,Miss
808,0,2,male,39,0,0,13.0,S,1,1,0,Mr
809,1,1,female,33,1,0,53.1,S,2,0,1,Mrs
810,0,3,male,26,0,0,7.8875,S,1,1,0,Mr
811,0,3,male,39,0,0,24.15,S,1,1,0,Mr
812,0,2,male,35,0,0,10.5,S,1,1,0,Mr
813,0,3,female,6,4,2,31.275,S,7,0,0,Miss
814,0,3,male,30,0,0,8.05,S,1,1,0,Mr
815,0,1,male,33,0,0,0.0,S,1,1,1,Mr
816,0,3,female,23,0,0,7.925,S,1,1,0,Miss
817,0,2,male,31,1,1,37.0042,C,3,0,0,Mr
818,0,3,male,43,0,0,6.45,S,1,1,0,Mr
819,0,3,male,10,3,2,27.9,S,6,0,0,Master
820,1,1,female,52,1,1,93.5,S,3,0,1,Mrs
821,1,3,male,27,0,0,8.6625,S,1,1,0,Mr
822,0,1,male,38,0,0,0.0,S,1,1,0,Rare
823,1,3,female,27,0,1,12.475,S,2,0,1,Mrs
824,0,3,male,2,4,1,39.6875,S,6,0,0,Master
825,0,3,male,46,0,0,6.95,Q,1,1,0,Mr
826,0,3,male,34,0,0,56.4958,S,1,1,0,Mr
827,1,2,male,1,0,2,37.0042,C,3,0,0,Master
828,1,3,male,23,0,0,7.75,Q,1,1,0,Mr
829,1,1,female,62,0,0,80.0,S,1,1,1,Mrs
830,1,3,female,15,1,0,14.4542,C,2,0,0,Mrs
831,1,2,male,0,1,1,18.75,S,3,0,0,Master
832,0,3,male,42,0,0,7.2292,C,1,1,0,Mr
833,0,3,male,23,0,0,7.8542,S,1,1,0,Mr
834,0,3,male,18,0,0,8.3,S,1,1,0,Mr
835,1,1,female,39,1,1,83.1583,C,3,0,1,Miss
836,0,3,male,21,0,0,8.6625,S,1,1,0,Mr
837,0,3,male,29,0,0,8.05,S,1,1,0,Mr
838,1,3,male,32,0,0,56.4958,S,1,1,0,Mr
839,1,1,male,18,0,0,29.7,C,1,1,1,Mr
840,0,3,male,20,0,0,7.925,S,1,1,0,Mr
841,0,2,male,16,0,0,10.5,S,1,1,0,Mr
842,1,1,female,30,0,0,31.0,C,1,1,0,Miss
843,0,3,male,34,0,0,6.4375,C,1,1,0,Mr
844,0,3,male,17,0,0,8.6625,S,1,1,0,Mr
845,0,3,male,42,0,0,7.55,S,1,1,0,Mr
846,0,3,male,0,8,2,69.55,S,11,0,0,Mr
847,0,3,male,35,0,0,7.8958,C,1,1,0,Mr
848,0,2,male,28,0,1,33.0,S,2,0,0,Rare
849,1,1,female,19,1,0,89.1042,C,2,0,1,Mrs
850,0,3,male,4,4,2,31.275,S,7,0,0,Master
851,0,3,male,74,0,0,7.775,S,1,1,0,Mr
852,0,3,female,9,1,1,15.2458,C,3,0,0,Miss
853,1,1,female,16,0,1,39.4,S,2,0,1,Miss
854,0,2,female,44,1,0,26.0,S,2,0,0,Mrs
855,1,3,female,18,0,1,9.35,S,2,0,0,Mrs
856,1,1,female,45,1,1,164.8667,S,3,0,0,Mrs
857,1,1,male,51,0,0,26.55,S,1,1,1,Mr
858,1,3,female,24,0,3,19.2583,C,4,0,0,Mrs
859,0,3,male,63,0,0,7.2292,C,1,1,0,Mr
860,0,3,male,41,2,0,14.1083,S,3,0,0,Mr
861,0,2,male,21,1,0,11.5,S,2,0,0,Mr
862,1,1,female,48,0,0,25.9292,S,1,1,1,Mrs
863,0,3,female,51,8,2,69.55,S,11,0,0,Miss
864,0,2,male,24,0,0,13.0,S,1,1,0,Mr
865,1,2,female,42,0,0,13.0,S,1,1,0,Mrs
866,1,2,female,27,1,0,13.8583,C,2,0,0,Miss
867,0,1,male,31,0,0,50.4958,S,1,1,1,Mr
868,0,3,male,27,0,0,9.5,S,1,1,0,Mr
869,1,3,male,4,1,1,11.1333,S,3,0,0,Master
870,0,3,male,26,0,0,7.8958,S,1,1,0,Mr
871,1,1,female,47,1,1,52.5542,S,3,0,1,Mrs
872,0,1,male,33,0,0,5.0,S,1,1,1,Mr
873,0,3,male,47,0,0,9.0,S,1,1,0,Mr
874,1,2,female,28,1,0,24.0,C,2,0,0,Mrs
875,1,3,female,15,0,0,7.225,C,1,1,0,Miss
876,0,3,male,20,0,0,9.8458,S,1,1,0,Mr
877,0,3,male,19,0,0,7.8958,S,1,1,0,Mr
878,0,3,male,26,0,0,7.8958,S,1,1,0,Mr
879,1,1,female,56,0,1,83.1583,C,2,0,1,Mrs
880,1,2,female,25,0,1,26.0,S,2,0,0,Mrs
881,0,3,male,33,0,0,7.8958,S,1,1,0,Mr
882,0,3,female,22,0,0,10.5167,S,1,1,0,Miss
883,0,2,male,28,0,0,10.5,S,1,1,0,Mr
884,0,3,male,25,0,0,7.05,S,1,1,0,Mr
885,0,3,female,39,0,5,29.125,Q,6,0,0,Mrs
886,0,2,male,27,0,0,13.0,S,1,1,0,Rare
887,1,1,female,19,0,0,30.0,S,1,1,1,Miss
888,0,3,female,31,1,2,23.45,S,4,0,0,Miss
889,1,1,male,26,0,0,30.0,C,1,1,1,Mr
890,0,3,male,32,0,0,7.75,Q,1,1,0,Mr
